TOLERANCE = 1e-2
MAX_STEPS = 128

n_envs = 4

n_steps = 128
learning_rate = 8e-05
seed = 0

POLICY
'MlpPolicy'


target matrix:
U = [[0.76749896-0.43959894j, -0.09607122+0.45658344j],[0.09607122+0.45658344j, 0.76749896+0.43959894j]]

gates = [RZGate(np.pi/16), RZGate(-np.pi/16), SXGate(), XGate()]